22.1 111.8
24.6 98.6
24.7 98.5
24.7 98.4
24.7 98.3
24.7 98.2
24.7 98.1
24.7 98.0
24.8 98.0
24.8 97.9
24.8 97.8
24.8 97.7
24.9 97.8
24.9 97.7
24.9 97.6
24.9 97.5
24.9 97.4
24.9 97.3
25.0 97.3
25.0 97.2
25.0 97.1
25.0 97.0
25.0 96.9
25.0 96.8
25.0 96.7
25.0 96.6
25.1 96.8
25.1 96.7
25.1 96.6
25.1 96.5
25.1 96.4
25.1 96.3
48.9 33.9
48.9 33.8
49.0 33.8
49.0 33.7
49.0 33.6
49.1 33.6
49.1 33.5
49.2 33.5
49.2 33.4
49.2 33.3
49.3 33.3
49.3 33.2
49.4 33.2
49.4 33.1
49.4 33.0
49.5 33.0
49.5 32.9
49.6 32.8
49.7 32.7
49.8 32.6
49.8 32.5
49.9 32.4
50.0 32.4
50.0 32.3
50.1 32.2
50.2 32.1
50.3 32.0
50.3 31.9
50.4 31.8
50.5 31.8
50.5 31.7
50.6 31.7
50.6 31.6
50.7 31.5
50.8 31.5
50.8 31.4
50.9 31.3
96.2 6.50
96.2 6.51
96.3 6.47
96.3 6.48
96.3 6.49
96.4 6.48
96.4 6.49
96.4 6.50
96.5 6.45
96.5 6.46
96.5 6.46
96.5 6.47
96.5 6.48
96.6 6.41
96.6 6.42
96.6 6.43
96.6 6.44
96.7 6.39
96.7 6.41
96.8 6.35
96.8 6.37
96.8 6.38
96.8 6.40
96.9 6.34
96.9 6.35
96.9 6.37
97.0 6.30
97.0 6.31
97.0 6.35
97.0 6.36
97.1 6.29
97.2 6.28
97.2 6.33
97.3 6.31
97.4 6.26
97.6 6.23
97.6 6.25
97.7 6.23
97.7 6.20
97.7 6.21
97.7 6.27
97.8 6.19
97.8 6.20
97.8 6.22
97.9 6.17
98.0 6.15
98.0 6.16
98.1 6.14
98.1 6.13
98.1 6.15
98.2 6.13
98.2 6.12
98.2 6.10
98.3 6.06
98.3 6.09
98.5 6.08
98.4 6.06
98.4 6.07
98.4 6.05
98.5 6.04
98.5 6.03
98.7 6.02
98.7 6.01
98.8 6.01
98.8 6.00
98.8 5.99
99.0 5.95
99.1 5.93
99.2 5.93
99.2 5.92
99.2 5.91
99.3 5.90
99.4 5.85
99.4 5.89
99.3 5.88
99.3 5.88
99.5 5.86
99.5 5.87
99.6 5.86
99.6 5.87
99.7 5.84
99.7 5.86
99.9 5.82
100.0 5.82
100.1 5.81
100.1 5.79
100.2 5.78
100.2 5.77
100.2 5.76
100.2 5.75
100.3 5.75
100.3 5.74
100.4 5.73
100.4 5.72
100.5 5.71
100.5 5.68
100.5 5.69
100.6 5.68
100.6 5.67
100.7 5.67
100.8 5.67
141.8 1.804
141.9 1.794
141.9 1.796
142.3 1.781
148.0 1.542
148.1 1.542
148.1 1.540
148.2 1.538
148.2 1.537
148.2 1.536
148.3 1.535
148.3 1.533
148.4 1.532
148.4 1.530
148.5 1.524
148.8 1.510
148.8 1.513
148.8 1.516
149.1 1.500
149.2 1.503
149.3 1.500
149.4 1.497
149.5 1.495
149.5 1.491
149.5 1.488
149.6 1.487
149.6 1.486
149.6 1.483
149.8 1.482
149.9 1.480
149.9 1.479
150.0 1.476
150.0 1.474
150.0 1.471
150.0 1.470
150.0 1.469
150.0 1.467
150.1 1.468
150.1 1.464
150.2 1.467
150.2 1.461
150.2 1.458
150.3 1.455
150.3 1.458
178.4 0.758
178.6 0.757
178.7 0.756
178.7 0.755
178.8 0.755
178.9 0.753
179.0 0.750
179.1 0.748
179.1 0.746
179.2 0.744
179.3 0.743
179.3 0.742
179.5 0.731
179.6 0.733
179.7 0.730
179.8 0.730
179.9 0.730
180.3 0.727
180.3 0.728
180.4 0.724
180.4 0.723
180.5 0.723
180.6 0.722
180.6 0.721
180.6 0.720
180.7 0.719
180.9 0.718
181.0 0.718
199.0 0.487
199.1 0.486
199.3 0.485
199.5 0.483
199.6 0.482
199.8 0.481
199.9 0.480
199.9 0.478
200.0 0.478
200.0 0.475
200.0 0.476
200.2 0.475
200.3 0.474
200.4 0.472
200.4 0.473
200.5 0.470
200.5 0.471
200.5 0.472
200.6 0.467
200.6 0.468
200.6 0.470
200.7 0.469
200.7 0.468
200.9 0.465
201.0 0.465
201.2 0.463
201.2 0.464
201.3 0.460
201.3 0.463
201.3 0.463
201.4 0.462
201.4 0.463
221.2 0.310
221.3 0.308
221.5 0.310
221.6 0.308
221.6 0.307
221.6 0.309
221.7 0.308
221.7 0.307
221.8 0.306
221.8 0.307
221.9 0.305
222.0 0.306
222.0 0.309
222.2 0.306
222.3 0.309
222.3 0.305
222.4 0.305
222.6 0.304
222.7 0.301
222.7 0.302
222.8 0.301
222.8 0.303
222.9 0.299
222.9 0.302
222.9 0.303
223.0 0.300
223.1 0.299
223.2 0.299
227.5 0.281
228.5 0.276
228.7 0.275
228.8 0.274
229.0 0.274
229.1 0.272
229.2 0.273
229.3 0.273
229.7 0.271
230.1 0.268
230.2 0.267
230.5 0.266
230.8 0.264
231.0 0.263
231.1 0.262
231.1 0.265
231.2 0.262
231.2 0.263
231.3 0.261
231.3 0.262
231.7 0.260
231.8 0.259
231.9 0.259
232.0 0.259
232.1 0.259
232.1 0.258
232.2 0.258
232.4 0.257
232.6 0.256
232.9 0.255
233.8 0.251
234.4 0.247
235.3 0.244
236.0 0.241
236.8 0.236
237.5 0.234
237.5 0.234
238.1 0.230
238.3 0.231
238.5 0.229
238.7 0.228
238.8 0.227
238.9 0.226
238.9 0.227
240.5 0.222
240.8 0.220
241.3 0.218
241.6 0.216
241.7 0.214
242.3 0.210
242.4 0.213
242.8 0.209
243.2 0.211
243.6 0.208
243.7 0.207
244.2 0.205
244.2 0.206
244.3 0.204
244.4 0.203
244.4 0.205
244.6 0.202
244.6 0.205
244.7 0.204
244.8 0.204
245.1 0.201
245.3 0.200
245.5 0.197
245.7 0.199
245.8 0.195
246.3 0.198
246.3 0.198
247.4 0.1923
247.5 0.1918
247.7 0.1913
247.7 0.1915
247.7 0.1916
247.8 0.1913
247.9 0.1912
248.0 0.1912
251.8 0.1771
252.2 0.1762
252.3 0.1756
252.7 0.1753
252.8 0.1746
253.0 0.1744
253.1 0.1740
253.1 0.1739
253.1 0.1736
253.3 0.1730
253.3 0.1725
253.3 0.1735
253.4 0.1726
253.4 0.1729
253.5 0.1725
